1 0.9711480234183517 0.4921143501996994 0.0534310933032067 0.07171109318733215
1 0.9402313731075113 0.9409341812133789 0.051505194769965276 0.05694091320037842
1 0.8310951033448861 0.8897135555744171 0.060866162667866625 0.061441242694854736
0 0.4803226695341222 0.6717012226581573 0.14028806000753166 0.07966071367263794
1 0.9676827823414522 0.23161737620830536 0.06463443531709559 0.06354418396949768
1 0.6663413702272901 0.20940212160348892 0.05135554893344056 0.06619946658611298
1 0.8397012349047692 0.21826457977294922 0.059161416845383986 0.059259265661239624
1 0.5290054869807623 0.4791741520166397 0.06987792370366115 0.062486737966537476
1 0.4964466468960631 0.7246417701244354 0.09043186162811478 0.06884557008743286
0 0.8280690012414471 0.9449785649776459 0.10753127952027165 0.06885534524917603
