1 0.5658541910009447 0.9380171000957489 0.04759445689082925 0.059200823307037354
1 0.93178553363077 0.4951329976320267 0.06957708620557598 0.06924661993980408
0 0.480880463045407 0.43275104463100433 0.08730525596469056 0.07019862532615662
1 0.4184145709268408 0.6082135736942291 0.06023157655803207 0.05764418840408325
0 0.4422150032193053 0.8077400028705597 0.07041235531077665 0.06958550214767456
1 0.880198110941968 0.8150150775909424 0.07637881609349469 0.07155072689056396
1 0.8938541786343444 0.9690470695495605 0.057107164968852125 0.05633366107940674
0 0.5569391437605316 0.8096809387207031 0.07812036252489277 0.06855738162994385
1 0.858898885888991 0.61003378033638 0.06014196857128268 0.06763452291488647
0 0.5621697668935738 0.9797651171684265 0.1094606187608507 0.04046976566314697
