0 0.096069943671133 0.567371129989624 0.12786660786547693 0.07292532920837402
1 0.44443923351811426 0.14663904160261154 0.041356554218367036 0.06891946494579315
1 0.557534236533969 0.3203708082437515 0.05507779588886336 0.07634875178337097
0 0.5559545280107485 0.10269398242235184 0.10096591126685049 0.07002867758274078
0 0.9706029455646191 0.617717444896698 0.05879410887076185 0.07067108154296875
1 0.23401473550235524 0.4450541287660599 0.04611313265133527 0.07983657717704773
1 0.4894025964674607 0.45337675511837006 0.062113294414445464 0.0620289146900177
1 0.5517197153926675 0.15957923233509064 0.03832568997651144 0.06053069233894348
1 0.8694290460324755 0.6689472496509552 0.06243158477583742 0.05773371458053589
0 0.43069517846200983 0.3084549307823181 0.10258254506229575 0.0681527853012085
0 0.6054627910938138 0.40747834742069244 0.10577228022556678 0.06894835829734802
